MEB,BP1,BP2,BP3,BP4,BP5,BP6,BP7,BP8,BP9,BP10,BP11,BP12,BP13,BP14,BP15,BP16,BP17,BP18,BP19,BP20,BP21,BP22,
MEB1,BD26,BD25,BD24,BD23,BD8,BD9,BD10,BD11,BD12,BD13,BD14,BD15,BD16,BD17,BD18,BD19,BD20,BD21,BD22,
081,77947,77949,77951,77953,77955,77936,77938,77940,77942,74138,75854,75856,75765,74137,72934,77941,77939,77937,77935,77954,77952,77950,77948,77947,
041F,78002,77998,72466,72468,72469,72470,72471,78296,78214,78215,78291,78292,74309,81970,81995,81996,81997,82388,76160,76163,82570,20116,20115,71980,71981,71983,20142,20143,71987,20147,20028,20133,71082,78841,79640,
051,78431,71790,71791,71794,76309,76310,76311,76312,76313,76314,76315,74804,74805,74550,74806,76316,70489,80405,80406,71663,81344,81345,81346,81969,81347,81348,81349,80407,80408,80409,71688,76318,76319,76320,76321,76322,76323,76324,73539,73540,73541,73542,73543,73545,82517,73547,72468,72469,73552,76325,76326,76327,76274,
543,75040,75041,75042,73563,73462,73565,73566,73567,71189,72738,72740,75161,75162,75163,75164,79437,80590,71246,71248,71249,72543,72544,71242,78822,72611,74067,82489,
059,80763,75366,75367,75368,74104,71789,71758,71910,72011,72012,77991,77990,78458,78274,71872,78456,76382,76383,76372,77968,78418,77966,77964,76384,76385,76386,76387,76365,76366,
657,81912,75495,75496,75497,75498,75223,75449,75303,75351,75530,79258,79259,75534,75535,75321,75322,75323,76003,76006,
999,73639,82534,75741,73930,73932,73933,73935,73936,75820,73939,73941,76493,76494,76496,76497,76498,77119,76499,76500,76501,76502,76503,78835,78836,78833,81489,78834,76505,76506,76507,76508,76509,77161,76510,76511,76513,73908,76515,73910,73912,73913,73915,73916,77655,77656,77657,73639,
027,73726,71656,71657,75005,77445,75010,75032,77388,75648,75649,75908,78248,78249,77874,78250,73727,73736,73743,73750,80529,73751,73756,73757,73758,80530,80531,80532,80533,73759,73760,73771,73706,
030,74815,75981,75982,72196,75955,75956,75958,74376,75959,75960,75961,75962,75963,75964,75965,80506,81965,74370,74395,74396,74402,77762,74410,76590,76598,77763,77767,76601,80664,75907,77841,75940,77768,75957,77842,75966,80665,76602,74322,
056,74803,74804,74805,74482,74483,74485,74486,74487,79633,76706,82476,76363,71736,71737,71738,71739,71740,71741,71742,71743,82427,77635,77636,77637,77638,77639,77640,
017,78902,77550,74869,74870,76607,74871,74891,74893,78359,78360,78361,78362,78363,74859,72098,77346,77347,77349,77367,77368,77370,77371,72102,79652,78357,78358,78359,78360,78361,78357,78358,74895,74900,76605,76606,74901,74903,74909,74910,76761,76762,78902,
555,80578,76354,76355,76356,71798,71799,71800,71801,71802,71803,71806,79781,82135,74477,73528,74479,76781,76784,76786,76787,74481,81673,81967,81674,82671,82470,82113,82465,82466,82467,82115,82110,
503,78130,82030,72680,72681,82679,80556,80557,70552,70563,82678,82679,80556,81747,81748,81749,82680,82681,79592,
135,71461,71462,71463,79376,71465,71466,71467,71468,71469,71470,71471,71472,71473,71474,71475,71476,71477,78421,78776,78777,73885,78778,77911,82006,
541,82488,82432,74031,75134,71134,80397,82227,75050,75051,72550,72551,75053,75147,79329,72626,75149,74979,71230,73459,73460,73461,72420,72422,81998,
025,71619,71620,71621,71622,71623,75683,71625,71626,75620,71132,75646,75647,75648,75649,75908,75909,75910,75911,75912,75913,75915,75916,75917,75918,75919,79253,75920,75921,75922,75923,75924,75926,75927,75867,
033,77715,77716,77717,77718,77719,77720,78111,77721,77722,77723,72359,72361,72363,72365,72366,72367,78377,72388,
037,71900,71903,71904,71888,71890,71892,71894,71923,20117,77586,72451,72452,72453,72454,72455,72456,72363,72365,72366,72367,78377,73296,
040,78002,77998,72466,72468,72469,72470,72471,78296,78295,76192,82223,82224,20332,76197,76198,76199,76200,76202,80116,76208,80229,82569,20116,20115,71980,71981,71983,20142,20143,71987,20147,20028,20133,71082,78841,79638,
066,77163,77167,77127,77128,77131,76950,77132,77133,77134,77135,77136,77137,77138,76611,76618,80447,76619,76620,76621,76622,76623,77065,77067,77068,20006,77070,77071,77072,77073,77074,77075,76980,76981,77081,77185,77163,
022,78524,72369,72463,72464,72465,75358,71888,71890,76146,76149,75361,75362,82551,75365,80616,82372,
032,74613,75981,75982,72196,72197,72198,81990,72216,75994,81989,75995,76007,76005,70106,75999,76004,70107,75998,75996,81988,76008,72198,81990,72216,72217,72220,72222,75967,75968,74613,
031,78425,82044,72189,72191,82144,72193,72194,72195,75967,75968,75969,75970,75971,78224,78225,78226,78227,78596,78228,78229,78230,78231,78597,78232,78233,78234,78235,77871,78236,75676,75677,79963,79964,
787,81781,82027,81782,72120,72122,72121,79289,72123,72124,72125,79317,81783,81784,81785,81786,80768,80769,80770,81776,80771,81787,81788,81789,81790,81769,
054,76342,74490,76343,76344,76345,76346,76347,76348,76349,76350,76351,76352,79364,76353,82506,
023,75844,75845,75846,75847,75848,75849,75850,75851,77603,73906,75852,75853,75854,75855,75856,75857,75858,75859,75860,75861,82392,75862,75863,78828,71460,77865,79307,
912,73695,82534,75741,75988,75989,75991,73697,73698,73700,73701,73702,75992,75993,75997,76000,76001,75925,72933,73695,
226,78016,70055,70057,76577,70061,72844,70065,70142,70206,70207,70208,70209,82561,70211,78038,78039,78040,72851,72852,82285,82280,82372,
314,73512,73513,80311,80310,73517,80312,73519,73520,73521,73523,73524,73525,73527,73528,73531,73532,73533,82595,73538,73539,73540,73541,73542,73543,73545,82517,73547,72468,72469,73552,73554,82203,82115,73559,73561,73563,73462,73565,73566,73567,71189,72737,71191,71192,71194,71193,71195,71196,71197,71198,71199,82508,71200,71201,71202,71203,71205,71206,73453,
349,71556,71557,71558,77344,72441,76834,73755,73744,72445,72446,72492,72493,74124,73733,73734,73735,82414,72698,72638,71416,71417,77300,72698,72638,77365,77379,77380,77562,77381,82415,82416,82417,72752,78775,72753,72755,72758,72762,79480,79481,71422,77326,71556,
444,78983,78984,78985,78986,78987,79487,78989,71070,76916,76917,78463,77595,74962,71072,71074,20028,20133,71082,78841,79640,
721,82145,79410,79411,82146,72786,72787,82147,74863,74862,74865,74867,74868,74874,74877,30633,74879,82148,70804,74853,30632,74855,74856,74857,74858,74860,74864,82149,72817,72818,82150,79407,79408,82145,
340,78318,73822,73823,73824,73825,73826,73827,74087,74159,74089,74156,74091,74092,74152,20132,82708,77735,82706,82707,77183,82311,82312,82313,82314,73050,76471,73013,73015,82310,82530,76608,
055,82471,82466,82467,81906,73469,73468,76278,73471,79628,79629,73513,80311,80310,73517,80312,73519,73520,73521,73523,73524,73525,73527,74559,74561,79782,76358,71807,71808,71809,20003,71811,71812,76328,76329,76330,82506,
088,72107,78546,78615,78547,72405,72406,72407,72408,72409,75430,78146,78147,78148,78149,78150,78385,70907,70909,70913,81384,75701,75702,75703,75704,75705,75706,75707,72410,78899,78900,72411,72412,72384,73025,78901,74604,74605,74608,74611,74496,82568,
663,75548,72697,72699,75551,72702,72703,75552,71357,75553,71348,71349,71350,74992,74993,74994,74995,71035,71045,74996,74997,78875,74935,77862,75554,
441,82006,71108,71109,71162,82704,80186,71165,71166,71167,71168,71169,71170,75637,82484,75640,72483,72484,72485,79785,79783,
048,82131,73638,80994,76231,82055,82056,82057,82058,82059,20240,82061,76232,76233,76234,80995,82062,76236,80808,74852,
042,72268,72278,72297,76564,74774,74813,74770,74771,74772,74773,79426,74774,74775,74776,74777,74778,74779,74780,74781,74782,74783,74784,74785,73494,73498,73500,73501,73503,73504,73507,73509,73506,73510,73511,79626,79627,82519,72468,72469,73552,76325,76326,76327,76274,
013,77208,77213,80594,80595,80575,20081,77253,77343,77345,72098,77346,77347,77349,77350,76827,76829,77352,77353,77354,77355,77359,
013D,77359,77361,77362,77363,77364,76755,76757,77367,77368,77370,77371,72102,76575,76586,76583,76585,77372,77373,77374,77375,20082,80574,80596,80597,77266,77208,
C6,75904,78283,70928,72065,70930,72067,80813,70933,79564,79565,79669,75225,79750,76617,71609,72269,78541,72270,72271,70984,70985,70986,73199,73078,73079,82240,73258,73259,73260,80503,74267,74268,80492,74271,74272,80493,80504,74228,73929,73930,73932,73933,73935,73936,75820,73939,73941,75821,75822,75823,75824,75825,75826,75827,80442,82045,80599,72237,72238,80449,20033,78527,78529,78530,78531,78443,73308,73309,73310,73312,73319,73313,73314,73315,73316,73317,73322,
660,81909,74935,77861,77997,74936,79534,79328,79635,73165,73098,73105,71362,70711,
339,71583,77319,71438,79447,72771,72773,72774,72775,78774,72776,78794,77270,77295,76718,77300,76834,73755,73744,72445,72446,72492,72493,74124,73733,73734,73735,82414,72698,77318,71581,71582,71583,
505,79592,74679,74680,81976,81977,75089,74723,74724,77739,74704,74705,74922,76788,74930,74938,74953,74954,74956,74958,74963,75124,75127,74710,74711,75129,78928,77587,79592,
088F,72107,78546,78615,78547,72405,72406,72407,72408,72409,75430,78146,78147,78148,78149,78150,78385,70907,70909,70913,81384,75701,75702,75703,75704,75685,75695,75724,75740,75743,75744,75705,75706,75707,72410,78899,78900,72411,72412,72384,73025,78901,74604,74605,74608,74611,74496,82568,
C1,77885,20033,78527,78529,78530,78531,78443,73308,73309,73310,73312,73319,73313,73314,73315,73316,73317,77399,73323,73321,77559,77560,78532,78533,78534,73300,73299,78535,73302,77885,
789F,30614,82012,77666,77667,82656,72908,72901,72902,82619,82612,82261,82262,82263,82264,82265,74398,74399,20041,10017,70649,74400,78617,
711,74690,71448,71449,74641,74642,82390,74645,74646,77172,77170,72849,72858,78312,77064,74717,74700,74698,74726,74113,70694,70794,75583,75589,75591,74178,72966,74112,77055,74673,77066,78314,74675,74682,77171,74641,74642,82390,74645,74646,77172,79946,82033,79947,74689,77630,75562,77632,75582,74690,
701,80231,74717,74700,74698,74726,74113,72940,72941,72942,72943,72944,72945,72946,72947,79251,74114,74117,74118,74119,70097,74120,74121,74122,74123,74125,74129,74135,74136,74137,72934,77941,77939,77937,77935,77954,77952,77950,77948,77947,
049,80740,80741,80458,74392,74393,74394,82267,20369,20370,74250,74251,82346,77292,77294,77299,77312,77313,74254,74255,74023,74039,74066,
502,82674,74474,79569,77598,82675,79298,79570,74687,74623,74655,74656,74657,74658,74659,74660,74661,74662,74663,74665,74666,74667,82543,74669,20130,74671,76701,76702,78131,
MEA,AD1,AD2,AD3,AD4,AD5,AD6,AD7,AD8,AD9,AD10,AD11,AD12,AD13,AD14,AD15,AD16,AD17,AD18,AD19,AD20,AD21,AD22,AD23,AD24,AD25,AD26,AD27,
343,10001,81846,73813,71566,72628,72630,72631,73397,73398,73837,73838,73839,71234,71240,74960,74961,77595,74962,77774,78179,78180,78181,78182,78183,78184,76873,71074,20028,20133,71082,78841,79642,
548,82386,73974,20113,73978,73979,73982,73988,73989,74822,80606,74823,72549,74824,74825,72611,74067,82505,74827,71309,82437,71278,71281,71282,80240,80222,80216,80215,80477,80494,80478,75262,76701,76702,82458,
213,78132,75310,72376,72377,72378,72380,75339,78904,72721,72722,71825,72724,72725,82387,72726,71291,72728,72729,71683,72571,71297,71298,71300,74797,71249,80343,72581,72583,72586,72587,72589,72592,72594,72596,72598,72600,79270,79271,82434,79273,79274,75049,75047,80397,71206,75385,
552,80762,75406,76625,78578,76626,76724,76627,82442,71823,71824,71825,71826,71827,71828,71829,73447,72726,71291,72728,72729,71683,82503,80348,80346,72581,72583,72586,71238,71239,80400,
908,73136,76482,75080,78090,78204,78091,78205,78092,78093,73276,73286,73290,73324,73325,73326,73336,73338,73340,73343,73348,73363,73373,73391,73428,73429,73448,73449,73450,73451,73452,73455,73457,82194,82639,81364,81365,
074,30611,73892,73907,72825,72826,72827,72828,72829,72831,72832,72833,72834,72835,80976,72841,73634,73635,73636,73638,80994,76231,76232,76233,76234,80995,76236,80808,74852,76238,80996,80997,80983,80984,76218,
078,79315,79316,79317,79318,72256,74520,74521,78543,74522,74523,70192,81785,81786,80768,80769,80770,81787,81788,81789,81790,82587,82588,82589,82590,82132,77324,82133,79403,79404,79405,74377,74378,74379,74380,74381,74382,74383,74358,74445,
702,73688,70804,74853,30632,74855,74974,74976,74978,74980,78544,72814,82512,82356,82357,82358,73620,73621,73622,73623,73625,73626,80977,80978,80979,72835,80976,72841,73634,73635,73636,73638,73641,73642,73644,73646,73647,73649,73651,73652,
218,71479,70481,70482,75586,75588,70582,70490,72803,71329,71330,71331,72806,72807,72808,72809,72810,77791,72811,72812,72814,72816,72817,72818,72819,72820,72821,72822,72823,72824,72825,72826,72827,72828,72829,72831,72832,72833,72834,72835,80976,72841,72756,
710,80232,78314,78315,78316,78317,74586,74587,74588,74589,80410,74590,74591,74592,72972,72973,71410,72975,75394,75183,79565,74593,74594,74595,74596,74597,74598,74599,74600,78895,71601,71602,
992,74419,75728,75757,78767,73202,73203,73205,74422,74444,74446,74447,74457,74458,82450,82451,82452,82453,73268,78763,78764,80614,82455,75823,75824,74419,
086,75675,75684,73070,80572,82168,78389,78390,75866,81952,78387,75871,75745,75675,
024,76107,76103,76105,78370,78375,76108,76111,76112,76113,76115,76116,78910,80788,73963,75965,80506,79931,
404,30650,78276,20152,20199,75011,75013,71129,71131,82711,78978,79483,79484,74293,74296,74297,74298,74301,74302,
447,30651,78276,20152,20199,74965,74966,74967,74969,82532,74971,74972,74973,74975,78336,78335,78417,80193,78464,78468,78469,80174,78157,78158,78159,78160,78161,78162,78163,78164,75036,75040,78471,78472,80194,78509,80444,78525,75001,75002,75003,75004,82533,75006,75007,75008,75009,20028,20133,30651,
993,77807,73084,73086,71642,71643,78119,71644,71645,71646,71647,71648,71649,71651,73429,73451,82193,80816,77122,76505,76506,76507,76508,76509,77161,76510,73223,73257,73261,73263,73266,73268,78763,78764,73560,
057,78009,76301,71910,76382,76383,71918,71921,78457,77989,71928,71930,71932,71864,71935,71937,71938,71939,78844,78845,78846,78847,78848,79588,78849,78850,78851,71854,71855,71856,71942,71941,71859,71860,71861,71862,71863,71934,71865,71866,71867,71869,77991,77990,78458,78274,71872,78273,72052,77968,78418,77966,77964,76372,76373,76375,78009,
982,82712,82351,20387,78895,71603,71604,71605,71606,71607,71608,71609,72269,78541,72270,77828,76114,76117,76120,75887,70093,78575,73167,73169,70100,70054,72371,71961,71962,72077,72078,72079,72080,70039,70041,72001,72002,72013,72015,70226,70462,70464,70219,70220,
808,75990,75809,74138,75854,75769,75771,73918,76922,75408,75409,75410,75414,75412,75413,75416,75415,75417,75418,77840,75420,75421,75422,75424,75428,75429,77422,75430,75431,75432,75433,75525,75435,70992,70993,79478,
892,73357,71153,74313,72414,76975,74315,73083,75384,70987,70988,70989,70990,70991,75452,75453,75580,75455,75456,75457,78146,78147,78148,78149,78150,78385,78386,78387,75871,78388,78389,
445,82336,73378,20217,81667,74202,78199,74204,74206,74165,82337,
763,82145,79410,79411,82146,72819,79412,74890,74892,74894,72909,74897,74898,74899,74902,74904,74905,74906,74907,74908,74887,72919,72920,72921,72922,74400,20321,70651,70652,70653,70654,72151,78465,
764,78485,72115,70718,70720,74841,78466,70911,20313,72882,72883,78678,78265,78266,73190,73191,73192,73194,73197,75096,75097,75099,75100,79677,79678,73675,73676,73677,75117,78740,78741,78742,78733,
771,78477,20321,75141,73158,73159,73161,73163,77870,71450,71451,71452,71453,71454,82722,77243,74693,74649,74650,72962,72963,72941,72942,72943,72944,72945,72946,72947,79251,74114,82319,75152,75153,75125,71067,71065,71066,75187,75123,75126,75128,75130,77865,71418,82393,78452,74164,74166,79252,74167,74168,74170,74172,74173,74175,74635,74636,74637,74638,74685,74688,74686,71424,71425,71426,71427,75135,73174,75137,73176,73178,78479,74841,78466,70911,70727,78477,
035,80160,76011,76012,76013,78378,76014,76015,80195,76016,76017,76018,76019,76020,76021,76022,76023,76024,76025,76026,76027,78372,72366,72367,78377,72388,
018,20441,79342,30663,76144,76185,76227,76229,76237,76242,82641,80670,76259,80807,76260,76261,76262,76267,76269,82190,76279,76280,76302,76286,76932,76273,76288,80671,76287,76782,20441,
C19,76906,76480,77003,76514,76516,76517,76518,76519,76520,30663,74629,
C8,75904,79292,73598,73599,73600,73601,73602,73603,73604,74416,74417,74418,75590,74420,75031,70916,70650,20313,72882,72883,76393,72888,72890,82256,82257,82258,82259,82260,82614,74230,82151,82266,82267,82485,77390,20018,80558,82486,82487,10003,
011,20441,76806,76807,76808,79333,79334,79335,79336,79337,79338,79339,79340,79341,76780,76782,20441,
763L,78465,72115,70718,70720,74841,78466,70911,20313,72882,72883,76393,72888,72890,74917,74918,74919,74920,74921,74923,74924,74925,74926,74928,74929,77889,72914,72915,72894,72897,74897,74898,74899,74902,74904,74905,74906,74907,74908,74887,72919,72920,72921,72922,74400,20321,70651,70652,70653,70654,72151,78465,
MEC,CP01,CP02,CP03,CP04,CP05,CP06,CP07,CP08,CP09,CP10,CP11,CP12,CP13,CP14,CP15,CP16,CP17,CP18,CP19,CP20,CP21,CP22,
889,71023,79728,71022,75356,71024,71025,71027,71028,71029,71031,77673,71034,71036,71037,71039,71041,71042,71043,75526,71046,71047,71048,71050,71051,73199,73078,73079,73084,73086,71642,78216,76157,76159,76161,30659,
039,77214,71926,71945,71946,78504,78505,70423,78506,78507,72296,72299,82282,82283,78514,78508,82501,78513,20125,78803,78804,82500,82499,71491,71492,71493,71494,71495,71496,71497,70860,70868,79378,79379,70869,79380,79381,70870,79382,71498,71461,
557,75249,71824,71825,71826,71827,71828,71829,76982,71831,71830,80216,80215,80477,80494,80478,77898,75193,75196,75198,75199,75503,75504,75207,75208,75544,75210,75507,75508,75509,74024,74025,75214,75217,
546,73200,75728,75757,78767,78768,78769,78770,78771,76425,73908,76515,73910,73912,73913,73915,73916,77655,77656,77657,77555,75075,75076,75077,73283,73285,75078,75079,75080,75081,75082,75083,75084,75063,75064,75087,75088,75383,71631,71632,71633,76179,79313,72565,73149,73413,72568,72569,72591,75389,72595,30659,
777,72114,72115,70718,70720,72116,70978,70979,72117,72118,72119,72120,72122,72121,79289,72123,72124,72125,70139,79316,72126,72127,72128,70141,70144,70153,70154,72129,70171,70172,74546,74547,78542,74549,74551,30665,
053,77892,71768,71769,77973,71771,71772,71773,77895,77896,76378,76379,76380,78920,71776,76301,71778,71779,71780,71781,71782,71783,78422,71727,71728,71729,76390,82504,
985,80805,74243,76458,76459,76460,76461,76462,76463,76152,76153,76154,79314,71644,71645,71646,76047,76048,76049,76050,76076,76078,20398,78826,78449,73068,72935,
998,73695,82534,75741,73930,73932,73933,73935,73936,75820,73939,73941,76493,76494,76496,76497,76498,77119,76499,76500,20203,77884,73244,77821,77822,77823,80603,81732,73505,73535,73550,78661,78662,78808,75633,81238,73419,73427,75635,75636,77852,78663,75598,75599,73414,73415,75609,75610,75608,75607,77854,82422,82423,82424,
767,78465,72115,70718,70720,74841,78466,70911,74425,70914,70976,72924,75092,75093,75094,75095,75096,75097,78743,78744,78745,78746,75105,75106,75107,75111,75017,75020,78737,78738,78739,75024,75025,75026,75027,75028,75029,75031,70916,70650,70651,70652,70653,70654,72151,78465,
907,78425,72230,78428,80614,80589,75737,75738,73910,73912,73913,73915,73916,75739,75741,81829,76428,82425,77555,75075,75076,75077,73283,73285,75078,75079,76431,73137,73138,73139,73140,73142,77556,73144,72565,73149,71637,71638,76307,77803,
041,72800,82222,76187,70013,78214,78215,78291,78292,74309,81970,81995,81996,81997,82388,76160,76163,82570,20116,20115,71980,71981,71983,20142,20143,71987,20147,20028,20133,71082,78841,79640,
040F,79638,78276,20152,20199,20029,20030,71967,30547,20443,71971,71973,20141,76167,76170,76171,76173,76175,76176,76177,76178,76183,76184,82219,82220,72800,
665,75485,70392,70481,70482,75586,75588,70582,70561,70562,70583,70584,70585,70586,78881,70587,78856,70497,76406,75514,75515,82245,82246,82248,82249,82250,71211,71213,71215,70409,70410,70411,70417,70398,76403,75489,70588,70589,70590,70591,70592,70593,70594,70510,70511,75696,75697,70453,70455,70422,71223,75485,
778,72242,76393,70730,78681,74337,74338,80461,78470,82636,72120,72122,72121,79289,74536,70234,70255,70257,70264,70267,76793,76794,80175,80176,81791,70276,81792,74539,74540,74541,74526,74527,74528,70288,70289,70290,80177,76799,80178,70291,70295,70298,70303,72141,76704,72144,72142,72143,82637,82638,80464,74332,74333,70649,72883,82613,82275,72242,
789,78873,82030,72680,72681,72683,72684,72686,72687,72688,75567,82379,82380,73672,82652,82651,81971,30614,82012,77666,77667,82656,72908,72909,72914,72915,82265,74398,74399,20041,10017,70649,74400,78617,
146,71619,71620,71621,71622,71623,75683,71625,71626,80518,80519,71629,78905,78975,78906,71630,71631,71632,71633,76179,79313,76180,76181,76182,76436,76437,76438,76439,76440,81579,74268,80492,74271,81578,
235,75953,73772,73773,73774,72989,72990,72991,72992,80445,72994,72995,71472,71473,71474,71475,71476,71477,78421,78776,30635,30636,71480,78777,73884,73885,72646,81874,72647,77851,77315,81932,82252,
437,30652,78198,78460,78300,20152,20199,74965,74966,74967,74969,82532,74971,74972,74973,74975,77357,75161,75145,78526,71227,71229,77770,77771,75001,75002,75003,75004,82533,75006,75007,75008,75009,20028,20133,30649,30652,
08,77217,77218,77219,77550,74910,76128,76761,76675,76678,76679,76680,76682,76683,76836,76686,76713,77518,78933,78934,78935,77520,77227,77228,77229,77230,77231,76971,76972,76973,77233,76976,77242,76965,
036,74816,75981,75982,72196,75955,75956,75958,80546,80547,80548,80549,80550,76067,76068,76069,76070,76071,76072,76073,76074,76075,76077,76079,76081,76083,76085,80788,78912,80787,78913,76088,76093,76095,76097,76098,76099,76100,78371,76104,78373,78374,76107,
028,81238,75635,75636,77852,78663,78242,78243,78244,78245,78246,75678,75679,75680,75681,75682,71623,75683,71625,71626,80518,81239,76028,75055,75058,75071,75113,73068,72935,

C11,10003,82485,77390,20018,80558,82486,82487,82271,82272,82152,74210,72783,72784,72785,72786,72787,72788,74982,74983,71704,74984,74985,74986,74988,74989,74990,75564,75577,75578,72708,72709,72710,72711,72712,72713,72714,72715,74671,76701,76702,78129,
C2,80786,71280,10015,70631,78056,70061,20033,78527,78529,78530,78531,78443,73308,73309,73310,73312,73319,73313,73314,73315,73316,73317,73322,
P20,80748,70567,80501,70575,81728,
P02,74037,80437,80499,70702,05000,
19,72076,72077,72078,72079,72080,80618,71247,76812,71845,71254,71849,71259,71262,70544,71265,71267,71270,71272,71274,71275,71277,71279,71280,71285,71287,71290,71292,71293,71026,71064,77787,70957,71069,70959,80523,70970,71073,71075,75388,71079,71086,71090,74876,77378,71313,74872,71316,71239,71317,
20L,80765,80847,78050,80761,75335,76633,76672,76727,76685,78579,76695,75403,76625,78578,76626,76724,76627,76629,82413,75331,75332,75333,80846,80765,
200,78021,70055,70057,76577,70061,72844,70065,70142,70143,72335,72336,72337,72338,72382,72383,72302,72341,82192,72347,72370,72385,78376,78515,
H,72386,70031,70035,70387,70540,82197,79757,79759,79761,79762,79564,75225,79750,79751,76617,71609,70104,78546,78547,78548,71042,79478,
20,20501,76624,75403,76625,78578,76626,76724,76627,76629,82413,75331,75332,75333,80846,80765,
201,20435,70051,70052,78015,
2,80624,80625,80626,80627,80628,78459,80629,81153,
211F,73874,73876,78041,71543,71544,72559,77912,77913,72506,72507,72508,72509,72510,72511,72512,71170,72513,72514,72515,72516,
211,73874,73876,78041,71543,71544,72559,77912,77913,72506,72507,72508,72509,72510,72511,72512,71170,72513,72514,72515,78168,71088,71089,71091,73416,71094,71095,71097,82007,
223,82134,70441,70443,70445,70446,73526,73529,73530,70454,70456,70457,70458,70459,70460,70461,70462,72010,70134,70140,70065,70142,70143,70145,70148,70150,70152,70155,76581,72168,72169,72170,73254,72172,72174,80450,72182,72184,72185,72187,78426,
228,72019,79564,79565,79749,79669,75225,72931,71411,72932,74572,74681,74632,74633,80224,80225,74583,74584,74113,72940,74635,74636,74637,74638,74685,74688,74686,71455,71456,71457,72953,72954,72955,72956,72957,72958,72959,72960,72961,72962,72963,74176,74178,72966,78317,74586,74587,75260,72969,72970,72971,72972,72973,71410,72975,75394,75183,75184,72019,
230,20078,20079,
23,71882,70201,70202,70203,71884,71887,71889,72072,82181,80713,70101,70102,70103,71893,70939,79490,78366,70923,70925,70871,70757,71897,71898,71899,71931,71901,72416,79292,71906,71907,71908,71909,71911,71912,71913,
246P,75837,75838,78340,78341,78342,78343,78344,78345,78346,73058,73060,73031,73062,73064,73066,73068,73069,73070,73071,73073,73075,73076,73077,73078,73079,77808,
246,77808,73204,73083,73085,73087,73088,73089,73090,73091,73092,73094,73095,78899,78900,78901,20121,73053,73054,
916,77737,77654,77655,77656,77657,20423,75075,75076,75077,73283,73285,75080,78090,78204,80239,80818,77878,77879,80238,78091,78205,78092,78093,73276,73428,71652,71653,82482,71656,71657,72481,71658,71619,
247,72935,73070,73071,73073,73075,73076,73077,75384,75386,75387,72272,72273,76865,72274,72275,72276,72277,73347,72988,
280,74610,70834,70876,70873,70875,70645,71948,71950,71952,70149,70151,71957,70847,76778,73127,73129,70188,70189,70190,70191,77460,77461,72082,72083,70525,82254,78397,78398,78059,78060,73967,72085,72087,70014,78055,
30,70200,74453,70256,70259,70474,70266,79711,80610,70540,70543,70923,70787,70788,70790,70791,70693,70698,70700,70705,70710,70715,78475,74426,74504,72919,72886,
762,74840,72115,70718,70720,74841,78466,70911,20313,72882,72883,82360,82683,74844,74846,74847,74848,74849,74853,74854,74855,74856,74868,82361,78721,74863,74862,74865,74867,74868,74874,74877,74878,74879,74880,74881,74882,74883,74884,74885,82683,72920,72921,72922,74400,20321,70651,70652,70653,70654,72151,74840,
301,78032,82281,78540,73247,73248,73250,73253,72171,73256,72248,72249,70163,70164,70166,72253,70212,70213,72258,72259,72260,74285,72264,72265,72157,74215,72867,70953,76840,72097,78139,70530,70531,82298,70533,20265,70535,72101,70256,77832,70258,70259,70261,70357,70358,71187,
303,82633,72230,78428,82045,80599,78261,78263,78275,80732,80733,80583,78290,78322,78334,72357,78520,78521,78522,78523,72359,72361,72363,72365,72366,72367,78377,78051,
309,72520,72521,70972,73328,72525,79427,72527,72528,73339,72530,77886,72531,72532,72533,72534,72535,78195,78196,73990,74835,74836,74837,74838,78872,71094,71095,71097,82023,78324,78325,78172,73378,73987,
3,71842,71845,71254,71849,71259,71262,70544,71265,71267,71270,71272,71274,71275,71277,71279,71280,71285,71287,71290,71292,71293,71026,72099,72100,70862,70863,70864,70865,70866,77464,72105,72106,70873,70875,70877,70878,80649,80650,80651,80652,72103,
310,73696,73588,73589,73694,76612,80608,76614,72039,72040,73351,72042,73353,73354,73356,73358,73359,70697,70699,70702,70704,82134,
31,82549,72225,72226,74464,72233,72236,72240,72243,72245,71155,76856,72247,72250,72252,72254,72255,77831,79659,77981,77867,73108,73109,73110,73111,73116,73113,73020,73022,73114,70694,70794,70842,77171,75135,73174,75137,73176,73178,78479,74841,78466,70911,20313,72882,72883,72886,
311,78173,73420,73421,73406,76977,77018,77830,77386,77025,73424,73425,73426,70966,73898,73899,73864,73862,78383,73863,73865,73860,73866,73896,77921,77923,72601,72603,78041,71574,71575,71576,78549,72643,72733,72734,72736,20101,
313,74047,71077,73454,71214,71216,71217,71245,82507,71219,71220,71221,78974,71224,71225,71226,71227,71229,75056,78104,73459,76360,82226,
319,82244,73904,73905,74834,78193,78194,72556,72557,72558,72560,72561,72562,75868,73335,72564,72566,72563,79929,79926,73960,77993,79927,79928,72527,72528,73339,72530,77886,72531,72532,72533,72534,72535,78195,78196,73990,74835,82244,
32,70351,72077,72285,72286,72288,72289,73967,72085,72087,70057,80849,72017,79352,82456,72844,70065,77612,70066,70068,70069,70071,70074,78368,78519,71251,70080,70083,72302,78512,
33,71036,71037,71039,75592,78550,78616,78551,71593,77981,77867,73108,73109,73110,73111,73116,73113,79748,79663,78317,74586,75243,75244,75248,75250,75251,75252,
334,80667,73724,73725,76559,73762,73763,73764,73768,73769,73770,73772,73773,73774,72989,72990,72991,20097,73776,79512,79511,77845,77846,77847,72267,78712,73779,78715,79552,73807,71468,71469,78716,78718,78593,78508,78306,
336,10001,81846,73813,71566,71511,71512,71513,73035,72545,72424,72425,72426,72427,73745,73746,79778,73747,73748,74126,73749,74127,73752,79348,78278,76559,73762,73763,73764,73768,73769,73770,73772,73773,73774,72989,72990,72991,20097,73776,81870,81868,
337,78320,73816,73817,73818,78321,73819,73820,73821,73822,73823,73824,73825,73826,73827,73828,73829,82687,73831,73832,78000,77836,78001,78003,72590,73870,73872,73873,71539,71540,71541,71542,71574,71575,71576,81844,10001,
C3L,78021,70015,72379,72326,70134,70140,70065,70142,70143,72335,72336,72337,72338,72382,72383,72302,72341,82192,72347,72370,72401,72402,72403,77559,77560,77561,73306,78443,73308,73309,73310,73312,73319,73313,73314,73315,73316,73317,73322,
338,81876,82311,82312,82313,82314,73050,76471,73013,73015,73017,73047,73021,73023,74105,74098,74099,74100,81860,81863,80669,73728,73729,73568,76141,73732,72495,72496,82315,72498,72444,72499,72502,73879,71561,71562,71563,82188,78549,72643,72733,72734,72736,20102,72794,77875,81846,73813,71566,71544,77592,71567,81950,
34,72360,72362,72364,73167,73169,70100,70054,72371,71961,81820,
341,79643,77992,73420,73421,78643,73404,72311,73426,78644,73867,73868,71314,78789,71532,71533,76974,74127,73752,79348,78278,78279,78280,81847,81848,81849,81850,81851,81852,81853,81949,79510,79509,73781,81854,
344,79921,72776,78794,79922,79923,77843,70874,72444,72445,72446,72447,72448,73891,73985,73893,72637,72572,81895,81896,72575,72576,80248,71385,74959,74960,74961,77595,74962,71072,71129,71131,78185,78186,78187,78188,78978,79483,78980,78981,77833,78982,78983,78984,78985,78986,78987,79484,74293,74296,80526,
350,79921,72753,72755,72758,72762,79480,76897,73761,76596,78279,78280,80668,81864,81848,74131,74133,73024,73026,80701,80698,80699,80700,71522,71523,71988,72593,72597,72599,77922,77920,80188,73897,73401,77918,77917,78647,73409,79375,78841,79643,
351,73585,73586,71482,82316,80607,78776,78777,73884,73885,78778,77911,71509,71510,72628,78023,73871,72056,73876,78041,71574,71575,71576,71577,76818,73755,73983,72504,73891,73985,71960,71955,81391,80545,80702,80703,80704,76609,77083,80697,
360,70494,70510,70500,70501,70453,70455,70422,70335,70506,70507,70431,70432,70433,70439,70441,70443,70445,70446,73526,73529,73530,70454,78898,70473,70546,70548,70550,70465,70466,
38,80785,70441,70443,70445,72661,72662,72664,72666,72667,72720,72669,72670,72673,72677,72678,72732,72682,72685,81846,71576,71577,76818,76754,73745,73746,79778,73747,73748,74126,73749,74127,73752,73753,81847,81848,81849,81850,81851,81903,
nMA,70240,71049,76935,70485,70371,75486,75487,75488,75489,75490,75491,75700,78140,75493,75494,75495,75496,75497,75498,75206,75499,75305,75500,75307,75308,75309,74699,74677,74678,78840,
40,10002,72072,82181,70067,70072,79790,79711,80610,70084,73365,
409,74303,71108,81728,73998,73999,82177,79283,79284,71160,70826,74003,74004,74005,74006,74008,74010,74011,74013,74017,74935,81907,
412,70412,70413,70411,70417,70419,70421,70374,82697,70378,70379,79355,79356,79357,70383,82432,74031,75134,71077,20128,20409,74051,74052,74053,74054,74055,74056,75290,74057,74058,74059,74060,74061,72594,72596,72598,74063,74064,70415,
424,79639,78276,71122,20152,20199,75011,75013,71129,71131,78185,78186,78187,78188,77914,71753,71070,71071,71072,71074,20028,20133,71082,78841,79639,
435,78318,73822,73823,73824,73825,79484,74293,74296,74297,81939,70602,79486,78980,78981,77833,78982,78983,78984,78985,78986,78987,79487,78989,71070,76916,76917,78463,75016,75018,75019,77994,20488,77999,78000,77836,78001,78003,72590,73870,73872,73873,73875,73878,73879,71561,71562,73738,73739,73740,
44,70300,70301,70302,72996,72997,72999,73001,73002,73003,73004,73005,73006,72605,73007,73008,73009,73010,73012,73014,73016,79748,79663,78317,74586,75243,75244,75248,75250,75251,75252,
nMB,78173,78841,71085,71087,71088,73922,71089,71091,73416,71094,71095,71097,82023,74304,82572,80437,73375,73376,70127,70128,80498,80499,70133,71991,70702,70704,73699,70240,
443,78173,78276,20152,20199,20029,20030,71967,20138,73942,73946,73953,73958,73959,20143,71987,20147,20028,20133,71082,78173,
P03,74037,71113,71116,76857,77992,
P30,73960,71085,71088,73416,82023,81728,
446,77805,76307,82240,73258,73259,73260,80503,74267,74268,80492,74271,74272,80493,80504,74228,20308,80439,80440,80441,82279,74277,74278,74279,74280,74281,74282,74283,81954,74284,70212,70213,72258,72259,72260,74285,72264,72265,72157,74215,72867,70953,70014,78019,
448,73902,74837,74838,78872,71094,71095,71097,82023,73344,70729,70731,71280,70824,70579,70581,71956,71109,71958,71112,74817,78811,73902,
450,78622,20114,73927,73974,20113,71167,71168,71169,71170,72513,72514,72515,78168,71116,79791,72521,70972,73328,72525,79427,72527,72528,73339,72530,77886,72531,72532,72533,72534,72535,72536,72537,72538,72539,72540,72541,71216,71217,71245,82507,71219,71246,71248,71249,72543,72544,71308,80663,80378,80379,71278,71281,71282,78288,71284,71286,20379,71291,72728,80377,
451,78124,80475,80476,80495,80479,80217,80218,80223,80241,80348,80346,80344,74797,71303,74292,79437,80685,79993,79996,79929,79926,79644,
46B,82642,77878,77879,80448,80238,78203,78097,75081,75082,75083,75084,75063,75064,78853,78098,78099,78100,78101,73142,77556,73144,76154,80507,
46,76303,20423,75075,75076,75077,73283,73285,73288,73289,73291,73292,73137,73138,73139,73140,73142,77556,73144,72565,73149,71637,71638,74288,73152,73154,73155,73156,80766,73160,73162,73164,73166,73169,70100,70067,70070,70072,70073,79790,79711,74627,
490,10011,74304,82572,80437,80471,80472,80498,80499,70133,80164,70135,74307,74308,71409,71321,70029,70030,81152,80755,70522,72178,72179,72180,72181,74311,75775,73347,73349,73350,20103,74313,72414,76975,74315,73078,73079,77806,
49,81823,72334,71962,73241,73242,73243,73059,73061,73063,77311,73067,73072,73249,73251,76307,82240,73258,73259,73260,73262,73264,73265,73131,73132,73133,73201,73271,73272,73273,73274,73275,73278,76472,76473,76486,82425,73919,77658,72552,
492,71083,73388,73389,71884,73334,73342,72373,70261,70262,70263,70474,70266,79790,79711,80610,70599,73888,70600,77877,70601,73889,73890,70108,71185,71186,73366,70567,74411,74412,74413,30552,73368,73370,71280,10016,77255,30608,10014,
495,73367,73369,73371,73379,71153,73385,72418,73386,73387,73388,71127,74450,72279,72280,72281,74451,74452,74453,74454,74455,80781,81151,70026,70027,70854,71406,74299,70111,70112,80505,80501,80500,80473,80474,30608,10012,
nMC,80578,76354,76355,76356,71813,71814,71815,71816,71819,71820,71776,76301,71778,71779,74097,71822,71743,82427,71744,71745,71746,71747,82387,71266,71749,77960,71676,71677,82438,71238,71239,74829,72596,72598,72600,79270,79271,82434,82435,71205,71206,82436,74003,80275,80274,70323,70324,79358,80524,70846,70328,70329,70330,70331,82433,82564,82562,71223,70683,77883,71171,71173,71175,70745,70747,70517,70518,74627,
500,82428,76624,75403,75366,76270,76251,76272,76268,77987,74473,74474,74475,74476,82000,82410,75337,81765,80767,
50,77366,71049,76935,71060,71752,71665,71666,70374,82697,82698,82699,82700,71702,71833,76628,71030,71033,71040,70433,77366,
504,74769,74679,74680,82001,78928,74714,74715,74767,77589,77590,77591,77593,77594,74733,74734,74737,74738,74739,73991,73993,73995,74002,74015,74755,74756,82494,74760,77597,77753,77598,77599,77600,82495,74720,74721,74722,74769,
506,78840,74679,74680,74719,74727,74730,77601,77602,77607,77608,77609,77610,81962,74748,74750,74751,74752,74753,74754,74755,74756,74757,77572,75403,71789,71758,75411,78431,
507,79637,74679,74680,82001,75089,74723,74724,77739,74704,74705,74706,74707,79299,79300,81948,74731,74732,77569,74733,74734,77570,77571,76695,80381,75403,75366,75367,75368,74104,71789,71758,75411,78011,
508,74484,74485,74486,74487,74488,78537,74489,77977,74491,74492,74493,71196,71197,71198,71199,82508,71200,71201,71202,71203,71205,71206,74047,
509,77611,80380,76695,80381,77573,74760,74761,74762,74763,74764,74765,74767,74716,74666,74667,79637,
5,74873,74875,71320,71311,71007,71011,71014,71015,71016,70831,70836,80524,70846,70328,70849,70850,71063,71030,71033,71040,80725,
51,10004,82562,70862,70863,70864,70745,70747,70517,80237,70599,73888,70600,81659,70387,70540,70545,70549,72066,72201,70943,72153,70372,10004,
515,81744,82196,74679,74680,82001,75089,74723,74724,74725,75098,75101,75102,75104,82129,81812,
520,78125,82030,72680,72681,72683,72684,72686,72687,72688,75567,82573,72708,72709,72710,72711,72712,72713,72714,72715,74671,76701,76702,78125,
52,73393,73394,73482,72002,73487,73489,20424,70472,70473,70546,70458,70459,70460,70461,82338,70644,90103,70228,70229,73570,73571,70548,70550,70465,70466,70467,70468,70470,70471,70457,72021,72023,72024,73544,73546,81311,73392,73393,
53,78014,70015,72379,70017,70018,70047,82604,70224,70225,70226,70227,70228,70229,73570,73571,71262,70544,70475,82472,80166,82684,70855,70856,70858,70859,70282,81659,70600,77877,70601,70886,70603,70604,73529,73530,70454,78898,70473,70546,70458,70459,70460,70461,70462,70464,70219,70220,70221,70048,70051,70052,78014,
542,81915,77255,73375,73376,73378,20217,81667,74202,73925,73974,20113,73978,73979,73982,73988,73989,74822,80606,74823,72549,74824,74825,72611,74067,82505,74827,71309,82437,71278,74828,
544,82186,72040,81667,74202,73925,73974,20113,73978,73979,73982,71089,71091,74817,78811,78696,73904,73905,74822,80606,74823,72549,74824,74825,72611,74067,72613,74069,74070,74071,74056,75290,74057,77382,71675,80223,82457,
545,78810,77255,30608,70123,71108,81728,73998,73999,79280,79281,79282,71140,78025,79283,79284,71160,70826,74003,80275,30568,
551,74769,74679,74680,82001,75089,74723,74724,74725,75098,75101,75102,75104,75108,
556,81811,80847,78050,80761,75335,77456,71823,71824,71716,73430,73431,73432,73433,73443,73444,75263,82531,75174,75175,75176,75177,75178,75179,75180,75181,78885,75289,71300,74797,71248,71249,80343,72581,72583,72586,71238,71239,75284,
558,75284,74829,80663,72592,74069,74070,74071,74056,75290,74057,77382,77563,71674,71675,80216,80215,20119,20120,75301,75224,75499,75267,75351,75352,75353,75354,75357,78138,79435,
n11,78008,76301,71910,71872,76382,76383,76384,76385,76386,76387,76391,78750,78752,78754,71736,71737,71738,71739,71740,71741,71742,71743,82427,71744,71745,71746,71747,72660,71827,71828,71829,76982,71831,71830,80218,71749,71690,71691,77563,71692,71693,71694,71695,71696,71697,82701,82702,82699,82700,71702,71833,76628,71030,71033,71040,70433,78886,70031,70032,70034,70035,70037,70038,70387,74676,
559,80605,80847,78050,80761,75335,75336,75337,75890,75891,72717,75339,75340,75341,75342,75535,75344,75189,80478,77898,80475,80476,75247,75321,75322,75323,75324,75325,75326,75890,75891,72717,75327,75329,75332,75333,80846,80605,
590,79438,72077,72078,72079,72080,80781,81151,70026,70027,70854,70855,70856,70858,73889,73890,75892,70085,70240,70243,76573,70245,70485,70487,70371,75486,75487,75488,75489,75490,75491,75492,75493,75494,75495,75496,75497,75498,75206,75499,75305,75500,75307,75308,75309,78129,
60,72983,70078,70079,70084,70108,71185,71186,73366,04974,70135,72387,71502,71504,71505,71507,71508,71509,71510,72628,72631,72635,71527,
86,71318,73728,73729,73568,76141,73732,74109,74110,71515,71516,71517,71518,71519,81418,73040,73041,73042,73043,73044,73045,73046,74139,74141,74142,82342,20131,74093,74153,74155,74090,74157,74088,74162,73846,73847,79484,74293,74296,80526,
61,70033,80781,81151,70026,70027,70854,70855,70856,70858,73889,73890,70108,80505,80501,74300,78396,70118,78430,73951,73952,73956,79930,81667,74202,73925,73974,20113,73978,73979,73982,73988,73989,73990,74835,78623,
62,82180,82181,70067,70070,70072,70073,79790,79711,80610,70599,73888,70600,77877,70601,73889,73890,70108,72387,71502,71503,74007,74009,70118,70120,70121,70122,70123,74304,82572,10013,
628,82130,72017,79352,72867,70953,76840,72097,78139,70530,70531,82298,70533,20265,70535,74454,74455,80781,70852,70357,70358,70539,70092,70262,70263,70474,70266,79790,79711,80610,70540,70543,70545,70547,70549,70554,70574,70555,70558,70559,70561,70562,70583,70584,70585,70586,78881,70587,78856,78857,
63,82207,78000,77836,78001,78003,72590,73870,73872,73873,73875,73878,73879,71561,71562,71563,82188,81844,73880,73881,71989,73586,73587,73000,73588,73589,73694,76612,73592,73594,73595,73596,70478,70237,73597,73617,70856,70858,70859,70282,81659,70387,70540,76616,
64,72386,70031,70032,70034,70035,70037,70038,81964,70042,70044,70049,73033,70053,70054,82181,77310,72084,73992,
649,10018,74304,82572,80437,80471,80472,80498,80499,70570,70697,70699,70702,70704,70240,70243,76573,70245,70246,70247,70248,70249,70713,70714,70716,75487,78859,
654,70565,72683,72684,72686,72687,72688,75567,72692,72693,72695,72697,72703,75552,74991,74992,74993,75574,75575,75576,72704,72693,72695,72697,72703,75577,75578,72708,72709,72710,72711,72712,72713,04975,80556,80557,70552,70563,70565,
66,80746,80748,72387,71502,71503,71504,71573,71505,71506,71507,71508,71509,71510,72628,72630,72631,73397,72633,72634,72635,73893,72637,73895,73399,73896,73897,73898,73899,73864,73862,73861,
664,75573,75555,77863,77861,77997,74936,74937,75557,75574,75575,75576,75577,75578,72708,72709,82255,75565,75566,72688,75567,75568,75569,75570,75571,74994,74995,74996,74997,78875,74935,77862,75573,
669,82343,40041,4042,72054,70963,70964,78798,72874,82344,79424,79425,82418,74405,74406,74407,74408,73682,73683,74602,79590,79420,76792,75464,75466,75468,75471,75694,70667,70668,70746,70748,71879,78071,79421,70622,70623,70624,70625,70626,79617,73690,73691,73692,79618,20288,71909,71911,71912,82343,
670,71913,71914,71915,71916,70924,70926,77752,79292,73598,73599,73600,79616,70630,78640,70632,80525,70767,70635,80661,78446,78444,78445,70773,70117,70124,70696,70698,75481,74621,75482,75483,75484,76304,76308,76357,70797,75458,76791,79418,79589,74625,74626,74416,74417,74418,79424,79425,82418,72925,72926,75370,78755,71909,71911,71912,71913,
671,81911,74935,77862,77815,77358,75514,75515,80717,75517,75518,75519,75584,75585,75586,75588,75587,70684,70685,70693,70695,70696,70698,75481,74621,74622,74624,74625,74626,74416,74417,74418,75590,74420,77400,75601,78680,74955,72920,72921,72922,72923,70650,78475,70900,
69,72913,73964,73965,73966,73967,72085,72087,70057,76577,70061,72844,73969,73970,73973,73976,73809,73810,73811,73741,73742,73755,73983,72504,73891,73985,73893,72637,78788,
700,70130,74555,76789,80916,81343,74367,74368,74369,10017,82073,
C01,76815,76675,79652,71178,71212,74333,
070,76419,70911,70727,70728,70730,78681,74337,74338,81342,79463,79393,80466,79650,77065,77067,77068,20006,77070,77071,77072,77073,77074,80134,80135,77130,77081,77185,74095,77163,
70,77802,70201,70202,70203,72805,72843,72847,77832,70258,70259,70261,70262,70263,70474,70266,79790,79711,80610,70082,70180,70268,70243,79353,79354,71661,70170,
705,82073,70911,70727,70728,70730,78681,74337,74338,74339,74375,74427,74377,74378,74379,74380,74381,74382,74383,74428,74429,74430,74431,74432,74433,74434,82153,82154,82155,82156,82157,78708,74438,
C10,74338,71296,74859,76761,76771,
706,74353,74354,74355,74443,74357,74358,74359,74360,74361,74362,74363,74364,74365,74331,74366,81343,74367,74368,74369,10017,82073,
708,74531,72115,70718,70720,72116,70978,70979,70980,70981,70319,70320,70322,70327,70362,79318,72256,74552,74553,73971,74555,74557,74558,74339,74375,74427,79400,79401,79402,82132,77324,82133,79403,79404,
709,77758,78492,78493,70720,74841,78466,70911,70728,70730,78681,74338,81342,20099,79463,79441,77223,79442,79443,79444,79445,79446,79389,77231,76972,79533,76976,77242,79448,
71,10010,73344,70729,70731,71280,71285,70275,70735,70277,70269,70270,70432,78413,70278,70279,70280,70281,70282,81659,70600,77877,70285,70286,70082,70180,70268,70243,79353,79354,71661,71662,70822,70292,70293,74415,10016,77255,30608,10010,
714,70733,70243,70680,70681,70682,70683,70598,70684,70685,70693,70695,70696,70698,70700,70701,70703,70705,70706,70709,70710,70715,74424,75405,78475,70647,
715,70610,70540,70543,70545,78403,78404,70782,70783,70784,77331,77332,70757,71897,70618,70619,78071,79421,71875,70806,70807,70753,70755,74616,82705,70625,70626,70761,70762,78634,78635,78636,78632,
716,77341,70743,70751,75025,75026,75027,75028,75029,82418,74405,74406,74407,74408,73682,73683,74602,79590,79420,76792,75464,75466,75484,70800,73193,79786,77211,78582,74609,70769,70770,70771,71877,70748,71879,70637,70638,79594,70639,70810,70811,70876,70873,70875,70880,70646,70518,74612,
718,82597,70834,70876,72068,72069,72070,72071,77708,77709,20083,82598,74681,74632,74633,80224,80225,74584,72967,72968,72969,72970,72971,74573,82649,20084,77706,77707,80566,72048,78772,70871,70787,70788,82597,
719,79307,79746,71418,71420,71421,74691,71423,74692,77243,74693,74639,77880,74641,74642,82390,74645,74646,74647,74648,74649,74650,72962,72963,74176,74178,72966,72967,72968,72969,72970,74651,74652,74653,72975,75394,75183,79661,79668,72045,72046,80566,72048,78772,70871,70787,70788,79673,
786,79478,70994,70995,70996,70997,70998,70999,71000,71002,71003,71006,71008,71009,75359,75360,77671,74170,74172,74173,74175,74176,74178,72966,72967,72968,72969,72970,74651,74652,74653,72975,75394,75183,75184,70758,
720,73883,70804,74853,74854,74855,74974,74976,74978,74980,78544,72814,70388,73618,73620,73621,73622,73623,73625,20181,20182,81831,81832,81833,81834,82573,81835,81836,81837,81838,73669,73670,73671,82513,73672,73673,70405,81913,78545,74950,74951,74952,74874,74877,74878,74879,70763,73883,
72,82159,80452,80742,80743,80455,82202,82152,74210,82612,82261,82262,82263,82264,82265,72917,72919,82613,72439,
723,73882,76393,72888,72890,82256,74226,76395,76396,76397,76398,76399,76400,76401,76402,76404,76405,78069,78070,78494,76432,76433,76434,76435,76421,76422,78483,78066,78067,78490,76407,76408,76410,76411,76412,76413,76414,76415,76416,76417,82264,82265,72917,72919,82613,82275,73882,
731,82627,73917,82158,77882,73808,82161,79558,74330,74375,74427,74377,74378,74379,74380,74381,74382,74383,74430,82163,
73,78876,78877,78878,78896,74511,74512,74513,74387,74388,74389,74390,74391,80452,77617,77618,77619,78285,77621,77622,77623,77624,78284,77626,74392,74393,74394,82272,82152,74210,82261,82262,82263,82264,82265,74398,74399,70649,72923,70914,70976,70918,78474,73153,72151,74531,
74,80234,74878,74879,70763,70774,74955,72890,82256,82257,82258,82259,82260,82614,82620,82621,82622,82623,82624,82615,
75,77890,70309,70308,70310,70311,70312,70313,78711,70920,70921,70923,70925,70927,70813,70814,70815,72066,70816,70340,70817,70818,72055,72057,79667,70439,80748,70294,
765,80234,74878,74879,70763,74062,
766,72207,82511,73674,73675,73676,73677,73678,73679,78702,73680,73681,73682,73683,73684,73686,73687,77838,79617,73690,73691,73692,79618,78283,70928,72065,70930,72067,80813,70933,70758,
769,78733,78734,78735,79422,73678,73679,78702,73680,73681,73682,73683,73684,73686,73687,77838,79617,73690,73691,73692,71925,71927,71929,73693,71933,71936,70810,70811,73593,
77,82599,70787,70788,70790,70791,70492,70562,70509,79255,70453,82657,70372,82562,70481,70482,82600,70828,70829,78287,70834,82599,
772,76419,70911,74425,70727,70728,70730,74372,75292,75294,75297,75299,75300,75302,78620,72919,82613,82275,70804,74853,74878,78269,78271,70821,70823,75095,70825,70832,70725,73657,70726,77341,70743,70751,75025,72208,72213,78268,78267,74879,70763,70774,76393,72888,72890,75278,75281,75282,75283,75285,75286,74368,74369,10017,76419,
773,75154,75155,75156,75157,72956,72957,75159,75192,78865,78866,79252,74167,74168,74170,74172,74173,74175,74176,74178,72966,79660,79747,72878,72880,72881,74653,72975,75394,75183,75184,72022,
774,71408,75253,75254,75255,75256,74587,75260,72969,72970,72971,72972,72973,71410,72975,75394,75183,79668,79564,79565,79749,79669,75225,72931,71411,72932,74572,74681,74632,74633,80224,80225,75243,75244,75248,75250,75251,71408,
775,73650,70876,72068,72069,72070,72071,77708,77709,71440,80812,70955,72053,70961,79294,79295,71444,71445,71446,71447,71448,71449,71450,71451,71452,71453,71454,74692,77243,74693,74649,74650,72962,72963,72941,72942,72943,72944,75348,75349,75350,82685,82686,71017,71018,71019,71020,74851,79350,78862,78863,74654,
779,78612,78613,78649,78069,78070,78494,76432,76433,76434,76435,76395,76396,76397,76398,76399,76400,76401,76402,76404,76405,82412,82540,82541,74332,74333,79477,70652,70653,70654,72151,74914,
780,75369,79477,75141,73158,73159,73161,73163,77870,71429,71430,71431,79948,71433,71434,71435,71436,71437,70933,70758,
781,74612,70540,70543,70611,70612,70613,79670,72071,77708,77709,71440,71441,71442,71443,71444,71445,71446,71447,71448,71449,75319,
786F,75154,75155,75156,75157,72956,72957,75159,75192,78865,78866,71570,74850,79728,71022,75356,71024,71025,75359,75360,77671,74170,74172,74173,74175,74176,74178,72966,72967,72968,72969,72970,74651,74652,74653,72975,75394,75183,75184,70758,
788,74957,78487,73174,75137,82027,81782,80462,20400,80464,82399,82400,82401,82402,70289,70290,80177,76799,80178,74106,74107,80757,80758,80759,80760,74108,78654,78719,78892,82630,82621,82622,75346,75347,75316,75317,75320,82631,82635,10037,75306,82627,
791,70900,78481,78482,70656,75370,78755,70924,70926,70928,72065,75373,75374,79669,75225,79750,79751,76617,71609,72269,78541,72270,72271,70984,70985,70986,73199,73078,73079,75381,
792,72074,70683,70598,70684,70685,70693,70746,70748,71879,70637,71931,71901,72416,78283,70928,72065,75373,75374,79669,75225,79750,79751,76617,71609,71610,78546,78615,78547,78548,71042,71043,75452,75453,75580,75455,75456,75457,82381,
C3,73322,73323,73321,73318,78535,73302,72298,72299,78409,72344,72345,72303,72305,72374,72307,72375,72309,70173,70175,70009,70179,70181,70051,70052,78056,71401,73224,78075,70021,78065,78062,78063,80781,70852,70357,70358,70539,70092,70262,70263,70474,70266,79790,79711,80610,70540,70543,70545,70547,70549,72066,70816,70676,70677,70678,70433,70439,73366,70567,74411,74412,74413,30552,73368,73370,71280,10016,77255,30608,10013,
795,74387,74388,74389,74390,74391,80452,77617,77618,77619,78285,77621,77622,77623,77624,80742,80743,80455,80739,80741,80458,74392,74393,82373,
80,81904,81857,81858,81859,81860,81863,73724,73725,76559,73798,73799,76700,72441,76834,81844,72646,81874,72648,72650,72651,72653,71404,76852,73617,70858,81659,70387,70777,
8,80630,80631,80632,80633,80634,80635,80636,80637,80638,80639,80640,80641,80642,80643,82167,82165,
81,70351,70352,70353,70354,70258,70259,70261,70262,70263,70474,70266,79790,79711,80610,70540,70543,70545,70547,70549,72066,70816,71104,71107,71106,71384,70673,70674,71110,70392,70372,30585,82430,70252,70374,82697,70378,70379,79355,79356,79357,70383,80275,82431,
RL,90151,90152,90153,90154,90155,90156,90157,90158,90163,90159,90160,90161,90162,
82,80746,70031,70108,71501,71502,71503,71504,71573,71505,71506,71507,71508,82304,71510,72628,78041,71543,71544,77592,71567,71568,71569,71546,71548,71549,71550,71551,71552,71553,71572,71555,70137,70138,75892,70085,80746,
83,77629,70834,79414,79647,70642,78855,70643,78400,70646,70518,80237,70599,73888,70600,77877,70601,70886,70603,73518,73619,73624,73526,73529,73530,70235,73709,73629,73662,73637,76610,73640,73643,82306,72732,72682,72685,81846,71576,78549,72643,72733,82574,20100,
85,72044,70031,73886,73581,70859,70282,81659,70387,70540,70543,70545,70547,70549,72066,70816,70367,70389,70390,70391,70392,70372,30585,70394,70395,70396,70397,70398,70399,70400,70401,70402,70403,77855,77856,74935,81908,
RMG,90121,90122,90123,90124,90125,90126,90127,90128,90129,90130,90131,90132,
870,79322,82181,72856,72857,72859,72862,72864,72865,71601,72996,72997,78895,71603,71604,71605,71606,71607,71608,71609,71610,79345,71611,77864,77867,77868,71614,71615,71616,71617,71618,75895,72940,74635,75899,
87,81821,77832,70258,70259,70261,70262,70263,70474,70266,79790,79711,80610,72104,70365,70479,70367,72201,70369,70480,70392,70481,70482,70483,70484,70486,70488,70495,70497,70503,70504,70505,78141,78364,78140,
871,70756,79564,79565,74593,79566,20040,79568,72905,78893,78894,72996,72997,74563,74564,74565,74566,74567,74568,74569,74570,74571,75183,75184,70756,
88,76470,73789,79360,73791,73765,73766,78061,78780,78781,78782,72774,72775,78774,72776,72777,72778,72780,72781,72789,72791,72794,77875,72646,81874,72647,72648,72649,72650,72651,72652,72653,72654,72655,71270,71272,71274,71275,71277,71279,78810,
P10,73799,76834,81844,72646,72040,72042,70575,81728,
881,79325,82181,77310,70161,70162,70165,70167,70168,70984,70985,70986,70987,70988,70989,70990,70991,75452,75453,75580,75455,75456,75457,75459,82696,75460,75521,75522,75523,75524,
89,72221,74451,74452,74453,72101,72080,80781,81151,70026,70027,70854,71406,72661,72662,72664,72666,72667,72720,72669,72670,72673,81933,77320,77869,77323,77315,81932,82596,
90,77267,73795,73799,77843,72445,72448,71539,71543,71544,72559,71546,71548,71550,71572,71555,71184,80745,
RMVT,99116,99114,99113,99112,99111,99110,99109,99108,99107,99106,99118,99104,99103,99102,99101,
904,75618,73084,73086,71642,71643,78119,71644,71645,71646,71647,71648,71649,71651,71652,75620,75622,75623,75624,75625,20038,77853,75628,75629,75630,75606,75631,78658,78659,78660,78661,78662,78808,75633,81238,75635,75636,77852,75596,
905,73054,75661,78369,75663,75664,75665,75666,75667,75668,75669,75671,75673,75676,75677,75678,75679,75680,75681,75682,71623,75683,71625,71626,80518,80519,71629,71630,71631,71632,71633,71634,78120,71635,73149,71637,71638,76307,77804,
906,75708,75709,75710,75711,75712,78603,80560,78602,78601,78600,78599,78598,75713,75714,75715,81383,70899,70906,77288,77289,75716,75717,75718,75719,75720,75721,75722,75723,71634,78120,71635,73149,71637,71638,76307,72517,74912,72522,72524,74448,
910,78018,75944,71401,73224,78075,70898,77849,70224,70225,72027,75888,72020,72029,70233,73493,70235,70478,70237,75617,70238,70137,70138,75892,70085,71710,
911,72552,77655,77656,82534,75741,81829,20308,80439,80440,75750,75751,75932,73210,73211,73212,73213,73214,75936,75937,75938,75939,72258,72259,72260,74285,72264,72265,72157,74215,72867,70953,70014,78017,
913L,72930,72181,74311,75779,75780,75781,75782,75783,75785,75787,75788,75791,75794,75796,75797,75798,75800,75804,75812,80441,74228,73929,73930,72933,73492,
913,71187,70092,70189,70190,70191,77460,77461,75986,72180,72181,74311,75779,75780,75781,75782,75783,75785,75787,75788,75791,75794,75796,75797,75798,75800,75804,75812,80441,74228,73929,73930,72933,73492,
916F,78094,78095,78202,78096,78203,78097,75081,75082,75083,78853,78098,78099,78100,78101,76152,76153,76154,79314,71634,78120,71635,73149,71637,71638,73204,73083,75384,73206,71056,71057,71059,71061,71062,75887,70093,78575,73167,73169,70100,70067,70070,70072,70073,79790,79711,74562,
92,80785,70441,70443,70445,73624,73526,73529,73530,70235,73709,73629,73662,73637,76610,73640,73643,71480,71481,71482,73976,73809,73810,72743,72744,72747,72748,72752,78775,72753,72755,72758,81938,
93,10001,81846,71576,71577,76818,76754,76776,76785,76842,76897,73761,73762,73763,73764,73792,73793,73794,73768,73769,73770,72263,79510,79509,72267,78712,73780,76720,
980,80814,76057,76058,76059,76060,76061,76062,76101,76102,71631,71632,71633,76179,79313,72565,73149,71637,71638,76307,82240,73258,73259,73260,80503,74267,74268,80492,74271,74272,80493,80504,74228,73929,73930,72933,73919,77658,75048,
98,72442,82181,77310,70161,70162,70165,70167,70168,70984,70985,70986,70987,70988,70989,70990,70991,70992,70993,70994,70995,70996,70997,70998,70999,71000,71002,71003,71006,71008,71009,71012,71013,71017,71018,71019,71020,71023,
981,76381,73084,73086,71642,71643,78119,71644,71645,71646,76047,76048,76049,76050,76076,76078,20398,78826,78449,73094,75418,77840,75420,78450,79997,78451,82319,71460,77865,79307,
01,77789,77790,76668,76669,76670,76671,77017,76485,76487,76488,76489,76490,76491,76492,78399,76443,76444,76445,76446,76447,76448,78399,79540,79537,76452,76465,76466,76467,76468,77056,76516,76517,76518,77789,
C02,70516,76782,76671,
C20,76516,76805,70508,
983,76381,73084,73086,72449,72457,73126,73128,73130,78086,78087,78088,78089,78852,75087,75088,75383,76047,76048,76049,76050,77792,77793,77794,77795,77796,77797,77798,76062,76101,76102,75059,75060,75061,78853,78098,78099,78100,78101,73142,77556,73144,72565,73149,71637,71638,76307,76381,
990L,30563,73388,71127,75779,75780,75781,76243,76244,76205,76206,77092,76214,75773,75775,73347,30563,
990,73497,82534,75741,81829,20308,80439,80440,80441,82279,79262,79263,73207,75751,75752,75753,75754,72936,77166,72939,76190,76257,76195,76201,76203,76204,76214,75773,74294,74295,82289,73334,73342,72373,81825,
170,72044,70031,70032,70034,70035,70037,70387,70540,70543,70611,70612,70613,79670,72071,77708,72075,70951,71440,80812,70955,72053,70961,72054,70963,70964,78798,70965,70715,73153,72151,75090,
012,74188,76677,76761,76762,76765,76886,76887,78440,78441,77931,77932,78723,78724,77933,77934,77945,77946,78726,78727,74190,74214,74218,78728,78729,78730,78731,78732,78437,78722,77956,77957,78439,78356,76849,76893,76820,74188,
n041,72800,82222,76187,70013,78214,78215,78291,78292,81970,82388,76160,76163,82570,20116,20115,71980,71981,71983,20142,20143,71987,20147,20028,20133,71082,78841,73960,77993,79927,79928,79995,79994,72532,72533,72534,72535,78195,78196,73990,74835,74836,74837,74838,78872,71094,71095,71097,82007,
n075,81347,81348,81349,80407,80408,80409,70436,76293,74481,81673,81967,81674,82671,82470,82113,82465,82466,82467,82460,82461,82462,82463,81968,74787,74788,74789,74790,74791,74792,74793,74794,74795,74483,74485,74486,74487,74488,78537,74489,77977,74491,74492,74493,71196,71197,71198,71199,82508,71200,71201,71202,71203,71205,71206,73453,
n200,78515,72369,72463,72464,72465,77586,72451,72452,72453,72298,72299,78409,72344,72345,72303,72305,72374,72307,72375,72309,70206,70207,72258,72259,72260,74285,72264,72265,72157,74215,72867,70953,70014,78013,
n201,72206,72209,72211,72212,72214,72215,72216,72217,72220,72222,82136,72224,72227,72228,72229,72230,78428,82045,80599,72237,72238,80449,75954,72241,72171,73256,72248,72249,70163,70164,70166,72253,70212,70213,70214,80446,70173,70175,70009,70010,74215,72867,70953,70014,70015,72379,70017,70018,70019,70020,70021,78065,78062,78063,80781,70852,70357,70358,70539,70092,70262,70263,70474,70266,79790,79711,80610,74562,
n3d,73593,70876,70873,70875,70877,70878,79504,70853,70149,70151,71957,70847,72371,71961,71962,72077,72078,72079,72080,70039,70041,70045,70898,77849,70224,70225,72027,75888,72020,72029,71262,70544,71265,71267,71270,71272,71274,71275,71277,71279,71280,71285,71287,76797,76798,71299,75841,81953,70862,70863,70864,70865,70744,70745,70747,70749,70752,70754,73593,
n3s,73650,70812,70813,70814,70815,72066,70367,72201,70943,72153,80136,76841,76843,76846,76851,71344,74415,71353,72092,71355,72091,72090,72089,71359,71363,72086,70546,70457,72006,75896,75898,70226,70462,75900,75901,70019,70020,70021,78065,78062,78063,72178,72179,72180,72181,71884,71887,71889,72072,82181,80713,70101,70102,70103,71893,79757,79758,72993,79756,70920,70921,70923,70925,70871,73650,
n409,75573,75555,75556,78875,74024,74025,74026,74027,74028,74029,74030,74031,75134,71134,71135,79286,74034,74035,74036,74037,74303,
n46,73497,82534,75741,81829,76428,76429,76430,75077,73283,73285,73137,73138,73139,73140,73142,77556,73144,76180,76181,76182,73295,73297,73298,73301,73303,73305,73307,73311,74288,73152,73154,73155,73156,80766,73160,73162,73164,73166,73169,70100,70067,70070,70072,70073,79790,80610,70599,73888,70600,77877,70601,73889,73890,75892,70085,80745,
014,77002,76480,77003,76514,77004,77005,30156,77008,76489,76490,77775,77776,77778,77779,77781,77780,78319,77782,77783,79539,79540,79537,76452,76465,76899,76900,76901,76902,76903,76904,76673,79796,76907,76909,76910,82547,76918,76919,77322,77605,77325,76929,76941,76942,76946,79560,76987,76948,76989,76990,76992,76993,76926,76994,76924,77115,82544,77117,77127,77128,77131,76950,76951,76952,76953,76954,76955,76956,76957,76958,76959,76960,76961,76962,76963,77242,76965,
n500,80762,75406,76625,78578,76626,76724,77987,74473,74474,74475,74476,78050,80761,75335,75336,75337,75339,75340,75341,75342,75343,75344,75189,80478,78138,78129,
n5,70777,70599,73888,70600,77877,70601,73889,73890,75892,70085,70240,71049,76935,71060,71299,76634,70956,82478,70378,79355,70520,71077,73454,71214,71216,74876,77378,71313,74872,71316,71309,72616,72617,72618,80348,80346,80344,74797,71302,71248,77174,
n543,70777,70599,73888,70600,77877,70601,73889,73890,75892,70085,70240,71049,76935,71060,71299,76634,70956,82478,70378,79355,70520,71077,73454,71214,71216,74876,77378,71313,74872,71316,71309,72616,72617,72618,80348,80346,80344,74797,71302,71303,74292,79437,72626,75162,75163,75140,75142,75143,75145,78526,71227,71229,77770,77771,78336,78335,78417,80193,78464,78468,78469,80174,78157,78158,78159,78160,78161,78162,78163,78164,75036,
n551,74769,74679,74680,75089,74723,74724,74725,75098,75101,75102,75104,75108,75109,75112,77596,75114,75115,82473,75118,75119,75120,75121,75124,75127,74710,74711,75129,78928,77587,74769,
n66,73365,80748,71501,71502,71503,71504,71505,71506,71507,71508,71509,71510,72628,72630,72631,72633,72634,72635,73893,72637,72572,78004,77835,77800,74959,77994,77995,77996,72582,72584,75030,73399,73896,73897,73898,73899,73864,73862,73861,
n70,80746,70031,70034,70035,70037,70038,81964,70042,70183,70184,70187,70188,70189,70190,70191,77460,77461,72082,72083,74459,74460,77176,70200,
n705,74438,74439,74440,74441,74442,74443,74357,74358,74359,74360,74361,74362,74363,74364,74365,74514,74515,74516,74517,73980,74518,74519,79319,79320,72139,72140,72141,72144,72142,72143,72145,72146,72147,73182,70908,74841,78466,70911,74425,70727,72882,72883,82613,74128,
n716,72439,78265,78266,73190,70821,70823,75095,75096,75097,78743,78744,78745,78746,75105,75106,75107,75111,73677,73678,73679,78702,73680,73681,73682,73683,74602,81687,79786,77211,78582,74609,70769,70770,70771,71877,70748,71879,70637,70638,70639,70810,70811,70787,70788,70876,70873,70875,70880,70646,70518,80237,70082,70085,80745,
n719,72019,79564,79565,79749,79669,75225,72931,74572,74681,74632,74633,72937,72938,74113,72940,74635,74636,74637,74638,74685,74688,74686,71455,71456,71457,71458,71460,77865,79307,
n74,74128,76393,72888,72890,82256,74226,76395,76396,76397,76398,76399,76400,76401,76402,76404,76405,78069,78070,78494,76432,76433,76434,82614,82620,82621,82622,82623,82624,82640,82617,82618,82616,82619,72219,76422,78483,78066,78067,78490,76407,76408,76410,76411,76412,76413,76414,76415,76416,76417,82264,82265,72917,72919,82613,74128,
n781,72022,70951,71440,80812,70955,72053,70961,79294,79295,71444,71445,71446,71447,71448,71449,75319,
n8,82134,70031,70032,70034,70035,70037,70038,70387,70540,71950,76760,79757,79758,79759,79760,79761,79762,79564,79749,75225,79750,79751,76617,71609,71610,78546,78615,78547,78548,71042,79478,
n90,79511,79510,79509,73781,73782,20098,72981,72982,72984,73785,73786,73787,73789,79360,73791,73795,73796,73797,73798,73799,72436,72437,72438,77843,70874,72444,72445,77094,73717,72504,71539,71540,71541,71542,71543,71544,72559,71546,71548,71549,71550,71551,71552,71553,71572,71555,74307,73597,73617,70856,70858,70859,81659,70387,72983,
n904,75596,75598,75599,75600,81241,78672,78809,78673,78674,78675,78676,75605,75609,75610,75608,75607,77854,20037,75612,75613,75614,75616,71653,82482,71656,75642,75643,75644,75645,75889,77740,71133,75616,80518,80519,71629,71630,71631,71632,71633,71634,78120,71635,73149,71637,71638,73204,73083,75384,73206,71056,71057,71059,71061,71062,75887,70093,78575,73167,73169,70100,70067,70070,70072,70073,79790,79711,80610,70777,
n913,74562,81964,70042,70183,70184,70187,70188,70189,70190,70191,77460,77461,75986,72180,72181,74311,75779,75780,75781,75782,75783,75785,75787,75788,75791,75794,75796,75797,75798,75800,75804,75812,80441,74228,73929,73930,73932,73933,73935,73936,75820,73939,73941,73943,73901,78758,78762,78767,73202,73203,73205,73222,73252,76498,77119,76499,76500,20203,77884,73244,73245,73246,78834,76505,76506,76507,76508,76509,77161,76510,73223,73257,73261,73263,73266,78768,78769,78770,78771,76425,
015,77780,78319,77782,77783,79539,79540,79537,79538,78134,78135,78136,76899,76900,76901,76902,76903,76904,76673,79796,76907,76909,76910,82547,76918,76919,78072,78073,78074,77906,77035,77039,
C30,77039,76987,76806,70508,
n92,78041,71574,71575,71576,71577,76818,73803,73804,73805,73806,78117,73947,78421,73587,73000,73588,73589,73694,76612,71999,73592,73594,73595,73596,70478,70237,75617,70238,70239,73699,80746,
n98,82134,70031,70032,70034,70035,70037,70038,81964,70042,70044,70049,73033,70053,70054,82181,77310,70161,70162,70165,70167,70168,70984,70985,70986,70987,70988,70989,70990,70991,70992,70993,70994,70995,70996,70997,70998,70999,71000,71002,71003,71006,71008,71009,71012,71013,71017,71018,71019,71020,71023,
016F,76611,76618,76619,76620,76621,76622,76623,79651,79383,79384,79385,79386,79387,81302,79450,79451,79452,79453,79454,77262,79455,72110,72111,72148,72150,72152,72156,72158,82586,77264,77364,76755,76757,76758,76676,76677,76761,76762,77272,77273,77217,
C4,73322,73323,73321,73318,78535,73302,76677,76761,76762,76765,76768,76769,76770,76771,76772,76773,76775,77564,76777,76779,76780,76782,76783,77566,82041,82042,76667,76668,76669,76670,76671,77293,79310,76673,77553,
016,76965,76966,77245,77246,77247,77248,77249,77250,77251,77252,76953,76954,76955,76956,76957,76958,77256,79391,79392,79450,79451,79452,79453,79454,77262,79455,72110,72111,72148,72150,72152,72156,72158,82586,77264,77364,76755,76757,76758,76676,76677,76761,76762,77272,77273,77217,
nMB1,80785,80748,73366,70567,80505,80501,74300,78396,70118,73378,20217,73380,73381,72677,72678,72732,72682,72685,81846,71576,71577,76818,73755,73879,71561,71562,71563,82188,81844,72646,81874,72647,72648,72649,72650,72651,76614,72039,72040,73351,72042,70127,70128,80498,80499,70133,71991,70702,70704,73699,80785,
020,78051,72369,81303,81304,81305,82537,78052,78053,81306,81307,81308,81309,72385,78376,78051,
021,78032,82281,78540,73247,73248,73250,73253,73254,72172,72174,80450,72182,72184,72185,72187,78427,
nME,74627,70540,70543,70611,70612,70923,70925,70871,70757,71899,71931,71901,72416,79292,71906,71907,71908,78798,70965,70715,73153,70718,70720,72116,70978,70979,70980,70981,82398,70319,70320,70322,70327,70362,79320,72139,72140,76933,71296,74859,76677,76761,76762,76765,76768,76769,76770,76771,76772,76773,76775,77564,76777,76779,76780,76782,76783,77566,82041,82042,76667,76668,76669,76670,76671,76904,76673,76907,76909,77115,77116,77117,77118,77120,78701,77124,77125,77126,77185,74095,77163,
029,72854,82280,80848,80617,75371,75377,80796,80797,73628,
05B,77039,77040,82538,82539,77043,77044,77045,77046,77047,77048,77049,77050,77309,77001,77002,76480,76481,76484,77056,77057,77058,77059,77060,77061,77062,78499,78500,80587,78502,79657,79311,78496,
C03,70516,76780,76987,77039,
06,77103,76907,77019,77020,77021,77022,77023,77024,77026,77027,77029,77030,77032,76994,76924,77115,82544,77117,77118,77120,77123,77124,77125,77126,77127,77128,77078,77079,80132,80133,77133,77134,77135,77136,77137,77138,77139,77140,77141,79651,79383,79384,79385,79386,79387,81302,79388,79389,77230,79390,
03,78552,78553,76682,76683,76836,78554,78555,78556,79366,79367,79368,79369,78557,78558,78559,78560,78561,78562,78818,78854,79649,72998,76705,76707,76708,76709,76703,78933,78934,78935,78936,76711,76712,76687,79371,79372,79373,79374,78815,78816,78571,78572,76714,76716,76684,76722,76723,78573,78552,
04B,80317,76868,76869,76870,76872,76874,76875,76876,76877,76878,76815,76816,70687,78439,77930,80522,77557,76820,74866,
16,78123,71210,71211,71213,71215,70409,70410,70411,70417,70419,70421,70331,82433,82564,82562,71223,70424,70676,70677,70678,70433,70439,70441,70443,70110,70137,71571,
C5,78580,78376,20118,72369,79551,78713,78714,73780,73781,72262,73789,79360,73791,73795,73796,73797,76596,79349,78281,73753,80668,73724,73725,76559,73798,73799,76565,76700,72441,76834,73755,73983,72504,73891,73985,73893,72637,72572,78004,77835,77800,74959,74960,74961,77595,74962,71072,71074,20028,20133,71082,78841,73960,71085,71087,73988,73989,74822,80606,74823,72549,74824,74825,72611,74067,82505,74827,71309,82437,71278,74828,
04,76795,76480,76481,76514,76516,76517,76518,76519,76520,76802,76803,76805,76806,76807,76808,76809,70508,78337,
047,81768,82196,74679,74680,74719,74727,74767,74683,79296,79297,79571,79572,74470,74471,77988,78747,76264,76265,76266,76248,76250,76271,76252,75367,75368,71822,71743,82427,77635,77636,77637,77638,77639,77446,76629,82413,75331,75332,75333,80846,81768,
061,70096,77142,70023,70036,70046,70050,70059,77143,77144,77145,77146,77147,77148,77149,77150,77151,77153,77154,77155,77156,77157,77158,77159,77160,78656,77167,76940,77082,77179,77084,77085,77087,77089,77090,77091,77093,77095,77097,77098,77101,77102,76673,77103,
043,76191,78295,76192,82223,82224,20332,76197,76198,76199,80720,80722,82526,82527,80116,76208,82528,20116,20115,71980,71981,71983,20142,20143,71987,20147,20028,20133,82520,
045,77738,77741,82509,73510,73511,79626,79627,82519,72468,72469,73552,73468,76278,73471,73473,82565,76281,73476,73477,73478,73479,73480,82515,73484,73485,73486,73488,73490,73527,73528,74479,74478,74481,74787,74788,74789,76294,76295,76296,76297,76298,76299,76300,71816,71819,71820,78012,
C13,10003,82485,77390,20018,80558,82486,82487,82271,74507,71785,74508,74509,80452,80742,80743,80455,82202,82158,77882,73808,82161,79558,74330,74514,74515,74516,74517,73980,74518,79463,77264,77364,76755,76757,76758,76676,76677,76761,76762,76765,76768,76769,76770,76771,76772,76773,76775,77564,76777,76779,76780,76782,76783,77566,82041,82042,76667,76668,76669,76670,76671,76469,77293,79310,76673,77553,
046,81768,80847,78050,80761,75335,77456,76633,82449,77641,77642,77643,77644,71721,71722,71788,75423,75425,76270,76251,76272,76268,78747,76264,76265,76266,77987,74473,74474,79569,79298,79570,74665,74666,74667,81768,
064,77182,76907,76909,76910,82547,76918,76919,77322,77605,77906,77035,77040,76994,76924,77115,82544,77117,77118,77120,77123,77124,77125,77126,77127,77128,77131,76950,77678,77679,77680,77681,77682,77683,77684,79467,76951,76952,76953,76963,77242,79448,
05,77039,77040,76994,76924,76996,76995,76998,76999,77000,77001,77002,76480,77003,76514,77004,77005,30156,77008,76894,82550,81972,82010,77775,77776,79539,79536,
052,82552,76354,76355,76356,71798,71799,71800,82553,82555,82556,82557,82558,82559,82560,71809,20003,71811,71812,76328,76329,76330,82552,
058F,78011,76301,71910,72052,77968,78418,77966,77964,76384,76385,76386,76387,76390,76391,74489,77977,78394,77975,77974,77676,73567,73459,76360,76361,
058,79641,77993,79927,79928,79995,79994,80684,75139,75140,75142,75143,75145,75146,75149,74979,71230,73459,76360,76361,77976,78395,74498,82476,76363,76364,76367,76368,76369,76370,77965,77967,78419,77969,72051,76375,71778,71779,82496,76624,75403,75406,76625,74472,
063,78902,76765,80436,76844,76847,76848,78440,78441,78442,77902,77903,76770,76771,76772,76773,77904,77905,77907,72742,72751,72754,82191,72642,72679,72689,72804,72701,72727,77908,77909,76813,76814,76815,76816,77924,77925,78438,78439,78356,76888,76889,76890,76892,79767,76893,76820,78902,
065,78552,78553,76682,76683,76836,76686,76713,77518,77226,77227,77228,77229,77230,77231,76971,76958,76959,76960,76961,76962,77234,76978,79393,77670,77672,77674,77677,77659,
119,82643,70599,73888,70600,70284,71394,82644,82366,82367,82645,82650,82647,70539,70092,82648,70361,77307,82643,
160,74601,74407,74408,73682,73683,74602,79590,79420,76792,70798,76791,71415,75690,75471,75694,70667,70668,70670,82353,82354,78870,70747,70517,70518,80237,70599,73888,70600,77877,70601,70886,70603,70604,71321,70029,70030,70033,
C7,73322,73323,73321,77559,77560,78532,78533,78534,73300,73299,78535,73302,75418,77840,75420,78450,78451,74164,74166,79252,74850,79728,71022,71017,71018,71019,71020,74167,74168,74170,74172,74173,74175,74635,74636,74637,74638,74685,74688,74686,71424,71425,71426,71427,71428,71429,74689,74690,71448,71449,75135,78488,72115,70718,70720,74841,78466,70911,74425,70727,72882,72883,73883,
071,82670,73917,82158,82160,77646,77647,77648,77649,81267,77650,77651,77652,77653,77882,73808,82161,79558,74330,74375,74427,74365,74341,79553,79554,73784,77881,81493,77613,77615,77620,77625,81266,77627,77628,77634,77645,80738,73887,82611,82670,
073,74180,74181,74182,74183,74184,74185,74186,74187,74023,74039,80782,80783,74066,74189,82347,77292,77294,77299,77312,77313,74192,20374,20380,74195,20375,82271,82272,73887,82611,82625,
075,79641,77993,79927,79928,79995,79994,80684,79437,72626,75149,74979,71230,73459,73460,73461,73564,73463,73465,73466,82111,82460,82461,82462,82463,82464,82468,20300,82672,82469,81968,74550,74806,76316,70489,80405,80406,71663,81344,81345,81346,81969,81347,
087,75675,75684,73070,73091,73092,73094,73095,73058,73060,73031,73062,70888,75709,75710,75711,75712,75685,75695,75724,75725,75726,
089,75809,74138,75854,80465,74143,74145,70948,70949,70950,70952,71529,73938,70958,71545,73918,75774,70938,75703,75704,75705,75706,75707,75708,
09,77280,78592,77275,78333,77287,77274,77276,20353,77277,77278,77279,77280,
100,74913,74915,74916,70856,70858,70859,71394,79573,79514,79515,70263,70189,70190,70259,70261,82648,70361,70600,70284,70601,70886,70603,70604,74913,
105,82302,71690,71691,77563,71692,71693,71694,71695,71696,71697,82701,82702,82699,82700,71702,71833,76628,71030,71033,71040,70433,82303,70240,71049,76935,71060,71752,71665,71666,70374,82697,82698,82703,71667,71668,71669,71670,71671,71672,71673,71674,71675,80223,82302,
106,82426,77960,71676,71281,71282,80240,80222,71838,75314,71839,73447,82208,71715,71716,71717,71718,78272,71719,71720,71721,71722,71788,74104,71789,71758,75411,78008,
107,74778,74779,74780,74781,74782,74783,74784,74785,74786,73527,74559,74561,79782,76358,71807,71808,71809,20003,71811,71812,71813,71814,71815,71816,71792,79585,79653,79587,79654,79655,79656,79630,79631,71817,71818,71819,71820,78010,
111F,71143,71085,71087,72482,71180,71144,72518,72519,71149,71150,71151,71152,77916,74042,74043,74044,20107,71158,71163,71097,82023,71108,71109,71162,82704,71165,71166,71167,71168,71169,71170,71172,71174,71176,78169,71183,71143,
111,71143,71144,72518,72519,71149,71150,71151,71152,77916,74042,74043,74044,20107,71158,71163,71097,82023,71108,71109,71162,82704,71165,71166,71167,71168,71169,71170,71172,71174,71176,78169,71183,71143,
113,74047,71077,73454,71214,71216,71217,71245,82507,71219,71220,71221,78974,71224,74497,75391,81350,81351,81352,81353,81354,81355,81356,81357,74491,74492,74493,71196,71197,71198,71199,82508,71200,71201,71202,71203,71205,71206,74047,
115,82542,82181,72856,72857,72859,72862,72864,72865,71601,72815,82710,20124,20323,20215,79756,72993,20295,82709,20296,72830,72836,72837,72840,72838,72842,72845,80713,72850,82542,
117,82363,82364,71173,71175,70340,70817,70818,72055,70279,70280,70281,70282,81659,70600,77877,70285,70286,70037,77076,77077,70364,70479,70367,70389,70390,82363,
C9,72268,72278,72297,76564,74774,74782,74783,74784,74785,74786,73527,74559,74561,79782,76358,71807,71808,71809,20003,71811,71812,71813,71814,71815,71816,71819,71820,71776,76301,71778,71779,74097,71822,71743,82427,71744,71745,71746,71747,71827,71828,
118,82407,75569,75552,71357,75553,73135,73157,79328,79635,73165,73168,71372,71374,71375,71376,73173,73175,73177,70747,70517,70518,80237,72104,70365,70479,70744,70745,70554,70574,81210,20416,71329,71330,71331,71332,71333,71334,73098,73105,73106,73107,73125,75561,71358,75563,75564,75577,75578,72708,75567,75568,82407,
120F,76871,76873,71074,20028,20133,71082,78841,73960,71085,71088,71094,71097,82023,80437,80472,80499,70135,74308,71321,70029,70033,
128,81755,81756,82392,75862,75863,78828,71420,71421,74691,71423,71424,71425,71426,71427,71428,71429,71430,71431,79948,71433,71434,79290,79291,77752,79292,73598,71759,
14,70973,73337,71001,71004,71005,71007,71011,71014,71015,71016,70831,70836,80524,70846,70328,70849,70850,71063,71030,71033,71040,80725,
150F,20149,73528,74481,74482,74483,74485,74487,74488,78537,77977,78394,77676,73567,72737,71194,71195,71197,71199,71202,82479,82480,82481,76628,71033,78886,70886,71321,70029,70033,
163,78176,78841,73960,71085,71087,71088,71089,71091,73416,71094,71095,71097,82023,73344,70729,70731,73417,
168,77314,80849,72017,79352,72867,70953,70014,78056,75944,71401,80584,77849,70224,70225,70226,82338,70644,77458,77459,70631,70462,70225,72027,75888,72020,72029,72031,72032,72034,72035,72036,72669,72670,76614,72039,72040,73351,72042,70120,70121,70122,70123,74304,82572,10010,
180F,71023,74851,74167,74170,74176,79665,73115,73120,73122,78541,72271,72274,72277,72805,72930,
188,77096,80693,72157,74215,72014,73231,73232,73233,73234,73235,73236,73237,75936,75937,75938,75939,72258,72259,82286,82288,82287,72265,77096,
190F,74676,81964,70042,73033,70054,77310,70161,70165,70168,70986,73079,73084,71642,71644,71646,71647,71649,71651,71652,71653,82482,71656,72481,71619,
